0 0 0
65 32 0
69 25 4
93 31 12
74 23 0
73 0 54
72 3 108
5 30 129
11 7 121
29 41 90
0 75 89
0 72 0
22 64 0
44 53 0
70 58 9
64 26 2
37 37 37
84 40 0
114 30 17
122 36 13
114 31 0
102 0 75
92 4 136
6 38 165
32 28 142
29 56 118
0 93 110
0 84 0
28 83 0
56 68 0
77 63 9
88 31 5
52 52 52
118 55 0
159 36 30
152 44 14
168 19 0
128 3 95
101 13 144
8 47 202
53 49 163
29 72 146
0 111 132
3 107 3
35 102 0
68 82 0
84 69 9
112 36 8
78 78 78
154 80 0
179 58 32
176 47 15
200 33 10
149 15 116
123 35 167
38 61 212
70 66 180
29 92 172
0 132 156
14 118 14
40 120 0
73 86 0
108 88 9
141 58 19
104 104 104
195 104 6
200 81 32
191 54 36
223 37 18
170 34 136
147 59 191
68 76 222
87 83 197
29 113 198
0 153 191
24 128 24
46 140 0
96 113 0
144 118 9
171 81 31
117 117 117
228 123 7
227 105 32
211 78 42
236 59 36
186 61 153
157 69 201
79 90 236
97 93 207
50 134 207
0 171 202
39 146 39
58 152 12
108 127 0
171 139 10
181 100 39
142 142 142
255 145 26
252 129 32
231 98 62
250 82 54
202 77 169
167 79 211
90 104 255
109 105 219
72 155 217
0 188 222
54 164 54
71 165 25
121 141 10
193 161 32
191 119 48
164 164 164
255 171 29
253 140 37
243 110 74
252 97 72
215 90 182
178 90 222
101 117 255
123 119 233
78 168 236
0 208 245
78 185 78
81 175 35
139 159 28
208 176 47
208 133 58
184 184 184
255 197 31
254 152 44
253 120 84
255 112 95
228 103 195
189 101 233
113 131 255
137 133 247
85 182 255
16 220 255
81 205 81
92 186 46
158 178 47
222 190 61
225 147 68
197 197 197
255 208 59
255 174 56
255 138 106
255 126 126
239 114 206
197 109 241
128 145 255
145 141 255
105 202 255
62 225 255
114 218 114
113 207 67
171 191 60
230 198 69
237 160 78
208 208 208
255 216 76
255 185 70
255 152 124
255 143 143
251 126 218
206 118 250
144 160 255
156 152 255
116 203 255
100 231 255
124 228 124
133 227 87
184 204 73
237 205 76
249 173 88
215 215 215
255 230 81
255 191 81
255 164 139
255 157 158
255 141 225
213 131 255
151 169 255
167 164 255
130 211 255
118 234 255
133 237 133
141 235 95
194 214 83
245 216 98
252 183 92
225 225 225
255 244 86
255 198 109
255 179 158
255 171 173
255 157 229
218 144 255
159 178 255
178 175 255
141 218 255
139 237 255
153 242 153
151 245 105
205 225 83
251 226 118
255 193 96
234 234 234
255 249 112
255 213 135
255 194 178
255 185 189
255 165 231
222 156 255
175 190 255
187 184 255
159 212 255
154 239 255
179 247 179
160 254 114
219 239 108
252 238 152
255 202 105
244 244 244
255 255 144
255 228 152
255 208 195
255 199 206
255 175 234
226 169 255
192 203 255
195 193 255
180 226 255
177 243 255
195 249 195
177 255 138
232 252 121
253 243 169
255 207 126
255 255 255
255 255 170
255 230 171
255 218 208
255 202 222
255 184 236
230 182 255
205 211 255
211 209 255
192 235 255
199 246 255
205 252 205
188 255 154
242 255 171
253 243 190
255 218 150